function [y1] = ann(x1)

% ===== NEURAL NETWORK CONSTANTS =====

% Input 1
x1_step1_xoffset = [1;1;1];
x1_step1_gain = [0.666666666666667;1;0.740740740740741];
x1_step1_ymin = -1;

% Layer 1
b1 = [7.6395901689953325;-5.601208241251614;6.4142656012358961;-6.4339481724254943;-6.0309662411221128;-5.2611639843295803;6.4652330216969007;-5.6668808874586993;6.126293780614831;-4.5667168339886643;5.2254852007786479;-5.054435576201465;4.0979429405259911;-4.7411887259108552;-5.0316700507336964;5.8397195717702157;3.7648786527847049;5.4976513623014656;-4.0282998356947113;-7.3491452339239762;3.6100518672446911;-5.5915367602383652;-3.3336851445511093;3.4670303408485075;2.5377525489649191;2.7452747363606744;-3.1841123153860802;1.8404160822831876;3.4597645225888791;2.3795711432040219;1.7039581470938123;-0.73808639828191058;-2.2763499060806316;-1.752711519350296;-2.4776855444890802;-1.8899093962319353;2.0093711452671714;-1.2952854883663709;1.1256410088915894;3.5296193185278169;1.2798903054990205;-2.1935185031477791;-1.3826499900171989;2.2249123445871568;-0.047933753494628757;-1.9528552856819856;0.72475884272927515;0.63475689678533975;0.32700008165959304;-0.15104187377509584;-0.38523116331451013;0.91006913474056095;0.70023517776707611;0.12919693299272358;-0.98039086650079765;1.7627793595997809;-0.64867170312451883;1.127536197294126;0.77319845715424651;-2.0817081324313742;-1.5415700916605857;0.59991922809733278;-1.9047842619748028;-1.2629808390559389;2.0146428361585165;-2.6289352130342358;1.4090951256101392;2.3951691473361461;3.0897789328770906;2.0831830774835529;2.9334370916168182;-4.1484558971289207;3.0076461667550483;-3.4357552949996633;3.1918365676072002;3.9084830103071004;3.6125810547645392;-3.0033616086416544;-3.6597263333426246;5.1156294595878169;3.8151442859294273;4.7220567094478918;3.0332809092980972;-4.278953440441831;-4.7375025942219553;-5.1004568998699362;-5.7554034657124724;-5.4988366546706633;-5.7531518087604088;5.0863116180604599;-4.9384871790156;-5.0394081905086416;-5.6104789202495908;-4.6452037149726406;-6.3247730358167376;6.0427462099921376;-5.900301471729021;-5.9547576341681712;-6.1494313850148421;-6.8963663580192849];
IW1_1 = [-0.016314078845529538 0.33292828959692827 -10.992751456854156;4.3801939130507677 3.8813009865578025 3.8335604662480627;0.020762408423772184 -5.8690449576058743 2.4242105803374869;1.409686515032847 4.3969193450806348 -4.1863639784316975;1.0383248751750467 -6.5793171382280926 8.9411507315744263;3.0242439295655297 5.0138792108958405 -3.852937045408912;-6.9602449130924189 2.8767303426017041 1.5696486453339131;0.33352583909225914 6.3619243633580265 0.54629876773197317;-4.2133314095172159 -3.3635519646043091 -2.8309149983798054;3.939109289266987 -0.33785748586649927 -5.8091238855291412;-3.0771122021614152 -1.8815862426506664 5.3926899128166408;4.504950322870573 -4.1743362868135918 4.2990894532809021;-6.50051846568266 2.3330727703286671 -3.0552794319789225;1.095625972562428 1.471418018020956 -6.2623415882053353;5.4966545235069084 -3.9800721207122387 -0.22511636100929877;-5.8550524733418152 0.378419517579762 -2.566319521950148;-4.1492609443753823 4.9812410165549146 2.8583060075376374;-6.5180690233107166 -0.47732054030671467 1.3834517244827536;3.5672400483879567 4.0418849379757189 -3.9346422617640564;4.9230642070320103 -0.6617382181130349 11.926890605681077;-4.2114643249877632 -4.5949081653177073 2.5389606301813576;3.6450335693290778 -3.9541867323175146 6.6196332654191057;2.0459520345526476 3.7165296928190181 -5.2338667570099142;-3.9570391960912596 -4.6147947173475803 -6.3799902929696106;-4.8354442027391036 -4.4933023286709082 2.6837786226706086;-8.1599366350588891 0.90552636830019517 5.4265250549846531;5.5584373006272356 -1.2269953554649624 7.5446283982827493;-5.7559642565170526 4.3965732021202681 -0.68132932354850806;-6.9341336683480517 -0.086977503893229113 -0.33250149523870076;-3.8666767688620354 5.1284175666125176 1.1244109479308646;-6.0196391021021665 3.2576471977898058 3.378595982739538;6.2739206942042003 -3.8929639870088866 3.3093601741808882;2.3814810228286989 -6.139445266133662 -0.37335105041950595;5.8333146519094852 2.7114395747537299 -3.1324819922665146;2.231552836591951 3.0690800432215939 6.4471981306885233;0.20629259780850775 -6.3207393104514731 -1.5543422386957642;-3.1371599629556348 5.7509627012224147 1.3424152352316836;4.7577507119931663 0.77638410959926296 7.4104210151555829;-4.2722244066381982 1.7461951963790239 7.1867776261710672;-8.1103598059411564 1.9563655147018228 13.123663574735795;-4.2919786789337024 3.1349750783055277 6.0593233977362519;5.8011053414445106 2.3912138225311601 4.2088485115996255;6.2317607904656027 -1.2153936980360494 -8.964019154150721;-4.1137351000899001 -3.8464024449756979 -5.6470056706376015;-0.3332236122616738 2.2717285935596347 -8.6938855845527723;3.8654377556226254 -3.6533933826717084 -4.8682237915216593;-3.0094394932609885 4.2528092143992948 -10.631288222900096;6.2359838311258038 -2.8231412419407644 -2.3094752398272056;1.6330656707771709 5.7746698420237266 -2.2417778682336595;-1.4449462175017613 -6.2933345774011684 0.94483430731622575;-1.9225936030084267 -4.1044018183815547 9.334764744741042;3.9757939488587635 4.2840684666271169 -2.6454878593535085;3.8477423747643407 -4.829004253131739 -2.0749810883041904;6.4591133848985889 4.4301697791634247 8.3795077928079191;-1.8700937767390629 5.2286291919218506 -5.0071904695729206;7.7668280938007861 -1.1361869353399796 -9.8272282425519482;-6.7380781499051494 -2.7723563812140597 0.32294035788843822;-1.4577108083933776 7.6868143505708542 7.7108762073890729;7.0671053194104054 -0.9738473266608173 -1.6211024435802115;-6.490205850914113 -1.3052726054148316 5.0167601058665694;-4.4319714230144385 -4.8011049859441783 2.8462205913456962;6.505135646729622 -2.0992433640123527 -0.48433034218333071;-6.9526649877010431 -2.7217875573198747 -0.040622860611010191;-2.5964505164076259 5.6445734745284506 7.0671419975537448;3.730370803874504 -2.0850401613227971 -8.5825959786973627;-4.4359823254472612 -2.685170923663351 -3.9092496100132061;5.5185630179455769 -3.947387961472987 -1.7673957421783832;5.2514198221499369 3.3458943132000436 1.9086268032915661;-0.28589597057604499 -4.4877171088633867 4.4651148548103894;2.0628798238428097 6.3949466052204569 -0.27079933989517474;4.4626816190166334 -5.0634271361139183 -0.53383977295140461;-6.3637208642660799 0.38064405257474199 3.7630198261429593;1.3453758989453095 -6.3280677618237444 -0.42902110478479405;-4.8726340438094313 2.5189635689947041 3.7451129029492023;0.51009775796276735 6.416481057453721 -1.0460415470493196;5.1715059750317094 -3.6319852374186787 0.088588653951763643;6.6582046102403698 2.1527780435979516 0.33326128631681073;-0.35191829018105103 2.3844311450730538 -6.3995733802272579;-3.3220312510628931 3.7771057651364357 -4.4874295269186506;2.6352658791420085 0.74609676552461135 -7.0412001909635844;3.8547729835791702 5.2614967634712571 4.3086069858897442;0.50455486423672347 -0.84492774550202188 -6.285207184855345;5.4652299332597636 -2.9440438226257775 4.0088357580538485;-5.5633497493054218 -0.19592253125636688 3.520328295520446;-3.8479441239656467 -2.5016007651308514 4.476545056770779;-2.7516490301857162 3.8658781364927979 4.1365995794797028;-1.8273536434932276 0.4722018231870409 -5.7422371733823585;-2.3124671103821699 -5.1503492063060108 -2.4533107058181303;-2.9271279603167151 -0.10165889074165171 5.2661136829566724;4.0528178822861385 4.3052575254930057 3.1967131598145189;-4.4921427814365096 -1.5285317652728507 4.8100813398228111;-2.0693855088584674 -6.6105909110182006 0.28249754729090371;-2.0335569497851416 3.6417982231397805 -4.9566212600293262;-5.5087297056053401 3.3239365838904744 3.4890263032102569;-5.0304428815497966 -1.1610235122729957 -3.1424116568957503;2.4919797538509494 -6.0613321915218465 0.55922971591131443;-3.6101311117053272 -4.5513099960354282 4.4658584329387505;-6.4694431918679935 0.11438405301113724 1.9208744038249304;-6.5608250046968095 -1.060554613615186 1.9032599103388095;-4.1155224237707255 